IMAGE = "bfis.ppm", 256, 256, 1
RECURSEDEPTH = 5
LOOKAT = (8.5, 8.5, 12), (0, 0, 0), (0, 0, 0)
PROJECTION = 40, 1
AMBIENT = (0.1, 0.1, 0.1)
LIGHT = (10, 10, 10), (1, 1, 1), 1, 0, 0
BACKGROUND = (0,0,0)
COLOR = (0.100000, 0.500000, 0.800000)
KA = 0.25
KD = 0.47
KS = 0.1
KT = 0.0
NI = 1.52
PHONG = 30
BILINEARFIS = (-3.0, 3.0), (-3.0, 3.0), 30, 30,
   ((0.2, 0.2, 0.2, 0.2),
    (0.2, 0.2, 0.2, 0.2),
    (0.2, 0.2, 0.2, 0.2),
    (0.2, 0.2, 0.2, 0.2)),
   ((0.0, 1.0, 1.0, 0.0),
    (1.0, 0.0, 1.5, 1.0),
    (1.0, 1.5, 0.0, 1.0),
    (0.0, 1.0, 1.0, 0.0))
