IMAGE = "herm.ppm", 512, 512, 2
RECURSEDEPTH = 5
LOOKAT = (6.427337, -7.937100, 13.553294), (0.000000, 0.000000, 0.000000), (0.000000, 0.000000, 1.000000)
PROJECTION = 40.000000, 1.000000
BACKGROUND = (0, 0.1, 0.6)
AMBIENT = (0.100000, 0.100000, 0.100000)
LIGHT = (10.000000, 10.000000, 10.000000), (1.000000, 1.000000, 1.000000), 1, 0, 0
COLOR = (0.100000, 0.500000, 0.800000)
KA = 0.250000
KD = 0.466667
KS = 0.100000
KT = 0.0
NI = 1.52
PHONG = 10
HERMITEFUNC = (-3.000000, 3.000000), (-3.000000, 3.000000), 30, 30,
	((1.000000, 1.500000), (1.500000, 1.000000)),
	((0.000000, -2.027337), (1.491236, 0.000000)),
	((1.946725, -2.395329), (1.235703, -2.312949)),
	((0.000000, 0.000000), (0.000000, 0.000000))
