IMAGE = "xxx.ppm", 256, 256, 1
RECURSEDEPTH = 5
LOOKAT = (8.485281, 8.485281, 12.000000), (0.000000, 0.000000, 0.000000), (0.000000, 0.000000, 1.000000)
PROJECTION = 40.000000, 1.000000
AMBIENT = (0.100000, 0.100000, 0.100000)
LIGHT = (10.000000, 10.000000, 10.000000), (1.000000, 1.000000, 1.000000), 1, 0, 0
BACKGROUND = (0,0,0)
COLOR = (0.100000, 0.500000, 0.800000)
KA = 0.250000
KD = 0.466667
KS = 0.100000
KT = 0.0
NI = 1.52
PHONG = 30.000000
HERMITEFUNC = (-3.000000, 3.000000), (-3.000000, 3.000000), 30, 30,
	((1.000000, 1.500000), (1.500000, 1.000000)),
	((0.000000, 0.000000), (0.000000, 0.000000)),
	((0.000000, 0.000000), (-2.374029, 0.000000)),
	((0.000000, 0.000000), (0.000000, 0.000000))
