# generated by edris.c()

LOOKAT = (0.807996, 1.03419, 1.62068), (-5.55112e-17, -5.55112e-17, 0), (0, 0, 1)
PROJECTION = 40, 1
#IMAGE = "ris-2000.ppm", 700, 700, 2
IMAGE = "ris-3000.ppm", 700, 700, 2
#IMAGE = "ris-b-4000.ppm", 700, 700, 1
##IMAGE = "ris-4000.ppm", 400, 400, 1
##IMAGE = "ris-4000-tiny.ppm", 64, 64, 1
RECURSEDEPTH = 5
AMBIENT = (0.1, 0.1, 0.1)
BACKGROUND = (0, 0.1, 0.6)
LIGHT = (1, 1, 1), (1, 1, 1), 1, 0, 0
KA = 0.1
KD = 0.6
KS = 0.3
KT = 0
NI = 1.52
PHONG = 30
COLOR = (0.9, 0.9, 0.1)
PLANE = (0, 0, 1), (0, 0, -0.2)
KA = 0.0
KD = 0.0
KS = 1.0
KT = 0
NI = 1.52
PHONG = 30
#SPHERE = (0.5, -0.75, 0.5), 0.5
SPHERE = (0.25, -0.75, 0.5), 0.5
KA = 0.1
KD = 0.6
KS = 0.3
KT = 0
NI = 1.52
PHONG = 30
COLOR = (0.4, 0.8, 0.6)
BILINEARRIS = 6, 6, 2, 2, -0.5, -0.5, 1, 1,
	1000, 1000,
	-0.3,
	{{ -0.0345117, 0.113495, -0.048888, -0.0178055, -0.0604357, 0.128809, -0.0345117},
	 { -0.161472, 0.0280301, -0.0864669, -0.127947, 0.0636681, -0.147047, -0.161472},
	 { 0.0907703, -0.112151, -0.145528, 0.00185607, -0.0162435, 0.0275663, 0.0907703},
	 { -0.0766763, -0.0365073, -0.0688665, 0.00731272, -0.0671581, -0.141487, -0.0766763},
	 { -0.0316725, 0.0271628, 0.147323, 0.0542769, 0.0777055, -0.00435977, -0.0316725},
	 { -0.0125403, 0.0108653, 0.0959589, -0.0781293, 0.160917, -0.064405, -0.0125403},
	 { -0.0345117, 0.113495, -0.048888, -0.0178055, -0.0604357, 0.128809, -0.0345117}}
